Bannu	                 1386107            84
928                 3199            68
Barkhan	                 67979900            32
829                 3151            20
Hangu	                 1486606            88
925                 3196            65
Hyderabad	                 3699425445            71
22                 400            97
Islamabad	                 3711223959            68
51                 420            16
Jaffarabad	                 4028242837            45
838                 3157            26
Jhelum	                 10740004            68
544                 3013            84
K. Abdullah	                 4140345091            76
826                 3148            17
Karachi	                 75366370            69
21                 399            96
Kohat	                 1568282            55
922                 3193            62
Lahore	                 10865682            1
42                 414            10
Mansehra	                 538931990            30
997                 3247            15
Peshawar	                 559918760            10
91                 448            44
Sibi	                 240844            60
833                 3152            21
Tank	                 241103            16
963                 3222            91
Abottabad	                 3295217095            84
992                 3242            10
Attock	                 9918995            88
57                 426            22
Awaran	                 9924749            85
856                 3169            38
Badin	                 1382383            97
297                 2904            76
Bahawalnagar	                 1419075614            61
63                 429            25
Bahawalpur	                 1778187582            65
62                 428            24
Bajaur Agency	                 2823760390            67
942                 3207            76
Bhakkar	                 68518781            78
453                 2970            41
Bolan	                 1418349            6
832                 3151            20
Buner	                 1433665            71
939                 3207            76
Chagai	                 9904134            74
825                 3147            16
Chakwal	                 69346398            0
543                 3012            83
Chitral	                 69500748            22
943                 3208            77
D.I.Khan	                 439472224            14
966                 3225            94
Dadu	                 202267            65
25                 403            100
Dera Bugti	                 2551462448            44
835                 3154            23
Dera Ghazi Khan	                 577759540            49
64                 430            26
Dir (lower)	                 1447019588            62
945                 3210            79
Dir (upper)	                 1448078429            19
944                 3209            78
F.R. Lakki Marwat	                 3289007881            47
969                 3228            97
Faisalabad	                 2926241461            74
41                 413            9
Ghotki	                 10413293            92
723                 3096            66
Gujranwala	                 4020816719            53
55                 424            20
Gujrat	                 10618680            45
53                 422            18
Gwadar	                 10625869            63
86                 446            42
Hafizabad	                 3563322359            40
547                 3016            87
Haripur	                 72920108            27
995                 3245            13
Jacobabad	                 3641861470            36
722                 3095            65
Jhal Magsi	                 4278568927            59
837                 3156            25
Jhang	                 1532813            37
47                 419            15
Kalat	                 1536040            32
844                 3160            29
Karak	                 1538035            7
927                 3198            67
Kasur	                 1539407            66
49                 421            17
Kech	                 220306            25
852                 3165            34
Khairpur	                 531503905            91
243                 2865            37
Khanewal	                 531558106            55
65                 431            27
Kharan	                 10849134            17
847                 3163            32
Khushab	                 76284875            80
454                 2971            42
Khuzdar	                 76300422            73
848                 3164            33
Khyber Agency	                 478185030            25
924                 3195            64
Killa Saifullah	                 4166803032            57
823                 3145            14
Kohistan	                 538095014            41
998                 3248            16
Kurram Agency	                 1439487588            36
926                 3197            66
Larkana	                 76213475            87
74                 437            33
Lasbela	                 76209947            94
853                 3166            35
Layyah	                 10909117            6
606                 3036            6
Lodhran	                 77623345            98
608                 3038            8
Loralai	                 77839743            53
824                 3146            15
Malakand	                 538405996            44
932                 3200            69
Mandi Bahauddin	                 1296232905            16
546                 3015            86
Mardan	                 11002798            60
937                 3205            74
Mastung	                 77082336            45
843                 3159            28
Mianwali	                 543947441            23
459                 2976            47
Mirpur Khas	                 2586961193            16
233                 2858            30
Multan	                 11330020            42
61                 427            23
Musakhel	                 555702415            11
828                 3150            19
Muzaffargarh	                 2131695919            19
66                 432            28
Narowal	                 77877151            91
542                 3011            82
Naushero Feroze	                 3228302855            61
242                 2864            36
Nawabshah	                 3818144976            61
244                 2866            38
Nowshera	                 557291408            72
923                 3194            63
Okara	                 1624205            24
44                 416            12
Pakpattan	                 3890724161            40
457                 2974            45
Panjgur	                 79440538            99
855                 3168            37
Quetta	                 11784649            70
81                 441            37
Rahim Yar Khan	                 1114760164            35
68                 434            30
Rajanpur	                 567007492            57
604                 3034            4
Sahiwal	                 81812390            67
40                 412            8
Sanghar	                 81903327            3
235                 2860            32
Sargodha	                 573811856            51
48                 420            16
Shangla	                 82525263            82
996                 3246            14
Sheikhupura	                 710704694            14
56                 425            21
Shikarpur	                 4049898092            92
726                 3099            69
Sialkot	                 82639762            47
52                 421            17
South Waziristan	                 3790362596            54
965                 3224            93
Sukkur	                 12031434            11
71                 434            30
Swabi	                 1719517            93
938                 3206            75
Swat	                 245674            42
946                 3211            80
Tharparkar	                 2823084809            75
232                 2857            29
Thatta	                 11909501            86
298                 2905            77
Toba Tek Singh	                 3949361149            64
46                 418            14
Umerkot	                 84839078            88
238                 2863            35
Vehari	                 12104626            79
67                 433            29
Zhob	                 257896            43
822                 3144            13
